     3.421763208888887e+00
     3.655663187328406e+00
     3.472508612076673e+00
     3.809329931422827e+00
     3.637862932515380e+00
     3.713487376917707e+00
     3.724057802830134e+00
     3.656897618423154e+00
     3.839514779615040e+00
     3.785945890071627e+00
     3.643888490094980e+00
     3.698978145512014e+00
     3.570651659452000e+00
     3.758637484568420e+00
     3.766153574149786e+00
     3.856028875452540e+00
     3.906862777478420e+00
     4.006480219196260e+00
     3.904941818430387e+00
     3.738362947415681e+00
     3.871763055019220e+00
     3.956265200073100e+00
     4.036761473596027e+00
     3.771236405459347e+00
     3.846670188830840e+00
     3.842912235729594e+00
     3.993689888136373e+00
     3.859965817992887e+00
     4.001164431645427e+00
     3.970815447621847e+00
     4.095717563297394e+00
     4.058771877116033e+00
     3.889910221922880e+00
     3.960337876074407e+00
     3.994997496770767e+00
     4.252336697832600e+00
     4.222468938588894e+00
     4.112232634987027e+00
     4.069911248480594e+00
     4.040059708250474e+00
     4.176819677870387e+00
     3.992890266416801e+00
     4.111632006245521e+00
     4.155537986323760e+00
     4.296395318895566e+00
     4.347783361702734e+00
     4.206235717983454e+00
     4.003478658693219e+00
     4.091500366947860e+00
     4.089804449133219e+00
     4.508401223792640e+00
     4.338787099403207e+00
     4.214765285485400e+00
     4.488874170379314e+00
     4.331615676798648e+00
     4.357920261829101e+00
     4.455777228037880e+00
     4.343260901249800e+00
     4.306195119434499e+00
     4.373396943815840e+00
     4.264291214425707e+00
     4.234765772324447e+00
     4.413280081821340e+00
     4.536990452694927e+00
     4.667413551302301e+00
     4.341548400577193e+00
     4.556612891139181e+00
     4.366856803513961e+00
     4.450250497020247e+00
     4.112768109767788e+00
     4.650382936433080e+00
     4.427651939368441e+00
     4.544307126377674e+00
     4.694815439602867e+00
     4.432362866633308e+00
     4.712704751614460e+00
     4.357872950801294e+00
     4.649281965889380e+00
     4.751069188457067e+00
     4.536454099963220e+00
     4.664091471744854e+00
     4.462664053903707e+00
     4.492986486414980e+00
     4.593637388013794e+00
     4.602449756192766e+00
     4.640864678310680e+00
     4.825634420478867e+00
     4.486867160892021e+00
     4.707984212047901e+00
     4.646221287411387e+00
     4.999078212523034e+00
     4.869686724996427e+00
     4.889618874515520e+00
     4.935754422831960e+00
     4.926396421540168e+00
     5.014251856519034e+00
     4.921931425706941e+00
     4.823506939098967e+00
     4.758905052077407e+00
     4.962180732075601e+00
     4.751309680797287e+00
     5.049823045324779e+00
     5.027530773671681e+00
     4.895311414779833e+00
     4.870626451849753e+00
     4.864494657893154e+00
     5.267915206841020e+00
     4.880853162429460e+00
     5.095331278196607e+00
     4.872808797479533e+00
     5.010603697855527e+00
     4.760694002250093e+00
     4.862997645600387e+00
     4.988021119296487e+00
     5.128394826733667e+00
     5.123423238864754e+00
     5.090277649752353e+00
     4.858584443232194e+00
     5.150526581798727e+00
     5.097412317712834e+00
     5.115806392998440e+00
     5.003129061661361e+00
     5.045144845241381e+00
     5.053404021697694e+00
     5.080053292072100e+00
     5.246287624929907e+00
     5.120795656356420e+00
     5.239405956620054e+00
     5.145811519057600e+00
     5.113152004515114e+00
     5.127983230233133e+00
     5.438901125398600e+00
     5.348684353363381e+00
     5.188194844973920e+00
     5.180030465234174e+00
     5.177863213301854e+00
     5.139850755817988e+00
     5.144375382458680e+00
     5.138311272597954e+00
     5.414161761970587e+00
     5.360578720446013e+00
     5.308694107579993e+00
     5.157634883721800e+00
     5.427141032232540e+00
     5.490084203925600e+00
     5.371469539284920e+00
     5.223748224016540e+00
     5.477903333489014e+00
     5.383993721618261e+00
     5.481135687530153e+00
     5.356718397778681e+00
     5.450046575230666e+00
     5.384846343506161e+00
     5.410131382529773e+00
     5.383529817415414e+00
     5.440433951795440e+00
     5.416848601149760e+00
     5.521485470579367e+00
     5.479701154802093e+00
     5.408975804814973e+00
     5.501086016778873e+00
     5.344294387569687e+00
     5.403410848107341e+00
     5.604874441129200e+00
     5.447553321185727e+00
     5.696846532413787e+00
     5.654187341865640e+00
     5.661302572837754e+00
     5.532595493755299e+00
     5.740521595945400e+00
     5.494615482521554e+00
     5.601180868379081e+00
     5.519916802412833e+00
     5.465203000845974e+00
     5.573695847225373e+00
     5.547491725750380e+00
     5.322180354601507e+00
     5.513043452602500e+00
     5.618248961437881e+00
     5.782746601203853e+00
     5.812899870403613e+00
     5.693176934831533e+00
     5.719666627568434e+00
     5.630368226754606e+00
     5.871468122251773e+00
     5.723547148971600e+00
     5.622416586870908e+00
     5.772967272058001e+00
     5.772373596787820e+00
     5.963277287234880e+00
     5.738883403488413e+00
     5.840479006214154e+00
     5.696451378871680e+00
     5.931123361042833e+00
     5.772155348426787e+00
     5.742923959501773e+00
     5.750314479964573e+00
     5.949996862725553e+00
     5.602764172348107e+00
     5.928971918376987e+00
     6.119174499777741e+00
     5.911661204931668e+00
     5.816523767186326e+00
     5.992832142628253e+00
     5.866224954522314e+00
     6.010720604417753e+00
     5.990372605476380e+00
     5.855081138023034e+00
     5.858732605095973e+00
     6.110676076886214e+00
     5.999004624065653e+00
     5.951036651115246e+00
     5.993308785208714e+00
     6.073629653985087e+00
     5.963897441099081e+00
     5.834730108438053e+00
     6.209411840561220e+00
     5.925854822472187e+00
     6.073177017391433e+00
     6.130814388973274e+00
     6.233956456856100e+00
     6.023939629990434e+00
     5.872724762189140e+00
     5.995744263233213e+00
     6.032233432199788e+00
     6.224654457456753e+00
     5.986472638879634e+00
     6.148783054512866e+00
     6.151585005008866e+00
     6.340323791400407e+00
     6.189408937317420e+00
     6.068136633426033e+00
     6.212968404089800e+00
     6.136057551808714e+00
     6.046519379435940e+00
     5.909331190172434e+00
     6.255356509783588e+00
     6.132928197704953e+00
     5.992837780370034e+00
     6.206314340093687e+00
     6.023017403955500e+00
     6.204772277127613e+00
     6.024634709535847e+00
     6.106301118076414e+00
     6.100586808832554e+00
     6.236121532624566e+00
     6.314399929448700e+00
     6.296041306249333e+00
     6.341329192468973e+00
     6.400014228931553e+00
     6.443303723392380e+00
     6.342851428310347e+00
     6.476714651953400e+00
     6.380852925059607e+00
     6.574939334164854e+00
     6.296514299375033e+00
     6.076938241027007e+00
     6.293381135238587e+00
     6.388268513902847e+00
     6.308119464682466e+00
     6.153235742115213e+00
     6.250419100941560e+00
     6.449537073876840e+00
     6.382807416049974e+00
     6.455805660553346e+00
     6.478695562881594e+00
     6.111673545370313e+00
     6.266504030523714e+00
     6.536747441008920e+00
     6.427566866316908e+00
     6.389401618312360e+00
     6.513320786783520e+00
     6.454439239436433e+00
     6.498918733000354e+00
     6.481337246555360e+00
     6.541565870415487e+00
     6.383242583900767e+00
     6.482983144220394e+00
     6.420004419800314e+00
     6.525710390277453e+00
     6.370268368716233e+00
     6.523552779380540e+00
     6.501406935505806e+00
     6.519081928182107e+00
     6.443505959681727e+00
     6.415574343453440e+00
     6.617890615227821e+00
     6.538452977455926e+00
     6.510458299303560e+00
     6.661657227756581e+00
     6.455935520948473e+00
     6.633480048154607e+00
     6.432136567564214e+00
     6.498240615163493e+00
     6.598826615841006e+00
     6.523626105604073e+00
     6.581626398239674e+00
     6.557684585308714e+00
     6.591063313917974e+00
     6.727257231158827e+00
     6.746446317434793e+00
     6.622288553122394e+00
     6.649559474120994e+00
     6.826241282958114e+00
     6.611192848783653e+00
     6.566582151808594e+00
     6.747395394410320e+00
     6.615149445571308e+00
     6.647048285317820e+00
     6.761034115825247e+00
     6.789036472523441e+00
     7.043397557424327e+00
     6.937011572449453e+00
     6.908251830535374e+00
     6.626082533405660e+00
     6.666192549342948e+00
     6.717788302072067e+00
     6.688648215198761e+00
     6.966872712203954e+00
     6.545182438660214e+00
     6.684430484448280e+00
     6.662703272640214e+00
     6.960845670604766e+00
     6.728638323335054e+00
     6.765656764553881e+00
     6.976531861152527e+00
     6.935543368740614e+00
     6.781951487195901e+00
     6.957634416214193e+00
     6.810869688637006e+00
     6.946017281556920e+00
     6.891467171867540e+00
     6.918290447368894e+00
     6.945095751206193e+00
     6.827316837419787e+00
     6.935583459828347e+00
     6.998888705356560e+00
     7.056627216251754e+00
     6.877698301189306e+00
     6.843448601933747e+00
     6.917136537777527e+00
     7.059346527757680e+00
     6.994238768427954e+00
     7.157431678297687e+00
     6.937973897826193e+00
     6.927040289417181e+00
     7.189827937413207e+00
     6.874211259201179e+00
     6.973226894095734e+00
     7.126498147778068e+00
     6.942836325623787e+00
     6.988046954919580e+00
     7.117918229302107e+00
     7.042053453196988e+00
     7.047286819591007e+00
     7.121386965582228e+00
     7.253167416818907e+00
     7.230841698605180e+00
     6.961571780339973e+00
     7.004532519956040e+00
     7.088636997247833e+00
     7.125519402754940e+00
     7.081342371090007e+00
     7.184503647600000e+00
     7.105762977249640e+00
     7.052295660171634e+00
     7.273663662772333e+00
     7.148844284393074e+00
     7.314940157304793e+00
     7.141147246702700e+00
     7.098856184034240e+00
     7.120123822549353e+00
     7.441227459517360e+00
     7.177035947332794e+00
     7.268394582398980e+00
     7.312733105122760e+00
     7.096358366575913e+00
     7.401416106267654e+00
     7.328356952139408e+00
     7.208499531670687e+00
     7.110030027429460e+00
     7.236147732622474e+00
     7.236394828867854e+00
     7.292145941745500e+00
     7.032860140791914e+00
     7.370618939495053e+00
     7.309050295289221e+00
     7.347145942883254e+00
     7.342047838699867e+00
     7.330804827537267e+00
     7.506747753675147e+00
     7.238578571980754e+00
     7.406483236792748e+00
     7.515159257471706e+00
     7.381592142839573e+00
     7.221056512285753e+00
     7.446721651317707e+00
     7.567273289333741e+00
     7.418740932951401e+00
     7.224458310446980e+00
     7.555689816195034e+00
     7.526335621774614e+00
     7.514097009297667e+00
     7.527117704737553e+00
     7.238877877924160e+00
     7.661744809205719e+00
     7.357848667221819e+00
     7.763979175565194e+00
     7.528297168332560e+00
     7.319537479008687e+00
     7.518411829350566e+00
     7.549652384938213e+00
     7.439228644058868e+00
     7.586376326591133e+00
     7.260941596222587e+00
     7.435509504889500e+00
     7.504806437216679e+00
     7.562466554957261e+00
     7.605735574765899e+00
     7.655253434860820e+00
     7.855390739463746e+00
     7.741216314350834e+00
     7.769701651292640e+00
     7.740561796938461e+00
     7.688136241700768e+00
     7.704113141972907e+00
     7.865356431235807e+00
     7.829306931164614e+00
     7.839719462735400e+00
     7.581543735109681e+00
     7.554106123407768e+00
     7.731949002037806e+00
     7.623786078024726e+00
     7.818198168783726e+00
     7.826187202115993e+00
     7.775094216204394e+00
     7.904883581831480e+00
     7.820246335708561e+00
     7.966458624915961e+00
     7.832938151343273e+00
     7.781897727240728e+00
     7.895891497437280e+00
     7.865321606003167e+00
     7.894140862912420e+00
     7.724050744038860e+00
     8.070608280040853e+00
     7.956231834135107e+00
     7.730247324314834e+00
     7.938956223345781e+00
     8.029320669873359e+00
     7.840970357307600e+00
     7.951922311596992e+00
     8.022494224557908e+00
     7.916643120537394e+00
     7.695221800853768e+00
     8.114015510459433e+00
     7.901921049048194e+00
     7.866987659940333e+00
     8.105860363412207e+00
     8.047587290025815e+00
     7.986730125069528e+00
     8.071916997443308e+00
     8.095232701877221e+00
     7.953623365594481e+00
     7.972925781641133e+00
     8.072016519993619e+00
     8.022736594221806e+00
     8.250939017041034e+00
     8.154879689197442e+00
     8.218920955020074e+00
     8.144439602417334e+00
     8.159327307318028e+00
     8.096325078112381e+00
     8.092856588981915e+00
     8.097603735451679e+00
     8.408675967720214e+00
     8.194794957322879e+00
     8.105211930461886e+00
     8.198725223558599e+00
     8.112028949916892e+00
     8.240510999720000e+00
     8.331364151138374e+00
     8.230298514770942e+00
     8.298307533642008e+00
     8.229271316531426e+00
     8.485084637971505e+00
     8.287866271577274e+00
     8.311799878932320e+00
     8.309407787363567e+00
     8.324436545493802e+00
     8.396238256572074e+00
     8.498511467359627e+00
     8.053553834793640e+00
     8.339126125984381e+00
     8.331472884878961e+00
     8.413121765591875e+00
     8.415850643513267e+00
     8.332621837528414e+00
     8.586341887792720e+00
     8.538116444617893e+00
     8.415426046247021e+00
     8.336115229963006e+00
     8.457636532085921e+00
     8.393752487970415e+00
     8.322690965336413e+00
     8.511384275377708e+00
     8.505026950537180e+00
     8.491662633393188e+00
     8.728080298879313e+00
     8.502852698726342e+00
     8.795287917015420e+00
     8.665156036842314e+00
     8.825594029203907e+00
     8.484135975218132e+00
     8.904291066121621e+00
     8.621841603267461e+00
     8.331705887011767e+00
     8.838868438933746e+00
     8.801638224055694e+00
     8.636693539729700e+00
     8.806072904524427e+00
     8.886113724889647e+00
     8.641935184043048e+00
     8.828006241968188e+00
     8.675377635412460e+00
     8.831406766774007e+00
     8.882548148544167e+00
     8.844088069972221e+00
     8.820058152619048e+00
     9.031914683688553e+00
     8.853347727136947e+00
     8.927754234782041e+00
     8.755130046301419e+00
     8.876346778119613e+00
     8.732330267850768e+00
     8.975250352074760e+00
     9.088158644113248e+00
     8.698878534028081e+00
     9.091454521952974e+00
     8.926753106980840e+00
     8.999205009384427e+00
     8.888818281725927e+00
     8.906241197744366e+00
     9.005585141243012e+00
     9.023160828310168e+00
     9.131832085095533e+00
     9.213755403364400e+00
     8.867565051607400e+00
     8.918897297261415e+00
     9.271347962263826e+00
     9.249897311940201e+00
     9.172139610558547e+00
     9.123852899105946e+00
     9.305456995287367e+00
     8.993406826857848e+00
     9.282681764954766e+00
     9.119005846318927e+00
     9.228037773293567e+00
     9.109036913823301e+00
     9.169039745897614e+00
     9.443823635327639e+00
     9.460035280189734e+00
     9.258045377491207e+00
     9.215679289836133e+00
     9.182771712091194e+00
     9.415175560273754e+00
     9.357052415995547e+00
     9.290511859795247e+00
     9.186320804471107e+00
     9.438823717302482e+00
     9.331717286715881e+00
     9.244731755617620e+00
     9.219184032504421e+00
     9.316836802573887e+00
     9.411643194390701e+00
     9.427486335441655e+00
     9.670066018801855e+00
     9.498399369800948e+00
     9.488223734911628e+00
     9.640621126193674e+00
     9.264888665738068e+00
     9.585439030111139e+00
     9.606736005909800e+00
     9.564776267539107e+00
     9.579503599434274e+00
     9.601798451615975e+00
     9.426371939690254e+00
     9.575486955959482e+00
     9.672035058311119e+00
     9.601972470217712e+00
     9.778687191847913e+00
     9.647073666733165e+00
     9.781515670656615e+00
     9.634117644986501e+00
     9.643863363342907e+00
     9.704642153820119e+00
     9.728181343431194e+00
     9.828218702552574e+00
     9.678243778257693e+00
     9.746581005428261e+00
     9.724144373421233e+00
     9.913791648291335e+00
     9.711361706124727e+00
     9.866035866372700e+00
     9.898525669629860e+00
     9.817144433190080e+00
     9.992881251046994e+00
     9.958128993894467e+00
     9.882953864682660e+00
     9.904724954174148e+00
     1.002255246316673e+01
     9.997126146938447e+00
     1.013036153747049e+01
     9.982706832336740e+00
     9.793532672482234e+00
     1.023168125333503e+01
     1.001131565814028e+01
     9.940016746849972e+00
     1.016505648945700e+01
     1.004569329932942e+01
     9.869860922100180e+00
     1.016867465789029e+01
     1.027131425019865e+01
     1.009898477479192e+01
     1.011060797303880e+01
     1.020070625191118e+01
     1.005605379509621e+01
     1.018133989633080e+01
     1.013845518162494e+01
     1.019059249815175e+01
     1.028062535869311e+01
     1.032273705275201e+01
     1.023926331322045e+01
     1.036330120526959e+01
     1.019108023746220e+01
     1.037631613953177e+01
     1.056632486238385e+01
     1.050227413365305e+01
     1.006972434659332e+01
     1.036277144896831e+01
     1.023482160971952e+01
     1.043365521896783e+01
     1.058110311023727e+01
     1.050005122712323e+01
     1.050697662329411e+01
     1.046962301804849e+01
     1.054114501853901e+01
     1.064726656421853e+01
     1.054336226017519e+01
     1.065123671046747e+01
     1.048579140701487e+01
     1.082771784071085e+01
     1.090123527920245e+01
     1.072855587800327e+01
     1.079856645827309e+01
     1.071381228459769e+01
     1.072102284276850e+01
     1.072440828422903e+01
     1.064285231496583e+01
     1.073822819551050e+01
     1.087917629649731e+01
     1.088784165422089e+01
     1.099140841508277e+01
     1.074415050226023e+01
     1.077659117126403e+01
     1.080495589882954e+01
     1.063078304958561e+01
     1.089999498716800e+01
     1.115940674088831e+01
     1.094556622795856e+01
     1.104136914238242e+01
     1.093760962162427e+01
     1.091327580216715e+01
     1.108186670840414e+01
     1.078215825264078e+01
     1.089007901287537e+01
     1.116744401057926e+01
     1.114195693292165e+01
     1.110897302166101e+01
     1.112996885092553e+01
     1.105198054943794e+01
     1.115164646718483e+01
     1.125068628653050e+01
     1.111055857777515e+01
     1.124778613249107e+01
     1.109182374130307e+01
     1.119085574944693e+01
     1.138269983454997e+01
     1.119424856218943e+01
     1.120160894145093e+01
     1.146123620270917e+01
     1.135185001985307e+01
     1.127112984362204e+01
     1.135094334605344e+01
     1.147993219826337e+01
     1.131546895933856e+01
     1.152407263189505e+01
     1.139568199541455e+01
     1.132391293958092e+01
     1.140686179761667e+01
     1.176958756850831e+01
     1.157349213923177e+01
     1.159867739586675e+01
     1.151306344582218e+01
     1.163537150672837e+01
     1.159667279532921e+01
     1.182361941637435e+01
     1.167925214040037e+01
     1.166338395928967e+01
     1.158659564182943e+01
     1.174832884482614e+01
     1.171803211310906e+01
     1.164985954620035e+01
     1.177643279831853e+01
     1.178547418949317e+01
     1.177975848334619e+01
     1.205770333153985e+01
     1.172051327378035e+01
     1.191793173782147e+01
     1.187091815057929e+01
     1.187728616035810e+01
     1.194060852574298e+01
     1.195211978227014e+01
     1.179190046465292e+01
     1.192107466234108e+01
     1.191309690841346e+01
     1.200859195735963e+01
     1.210602145175027e+01
     1.187030681113003e+01
     1.204208300979910e+01
     1.216081302126157e+01
     1.212163915156271e+01
     1.202839570595953e+01
     1.207087521114704e+01
     1.202460974859548e+01
     1.233044184344328e+01
     1.231098402005664e+01
     1.225002946870023e+01
     1.200727204554127e+01
     1.217572360598696e+01
     1.214487911579974e+01
     1.220919598443471e+01
     1.236538650948828e+01
     1.226177032114676e+01
     1.254239904885727e+01
     1.235572565466525e+01
     1.243901287766323e+01
     1.230031234510611e+01
     1.246059990574884e+01
     1.235639207429516e+01